0,506
0,505
0,504
0,503
0,502
0,501
0,500
0,499
0,498
0,497
0,496
0,495
0,494
0,493
0,492
0,491
0,490
0,489
33,4
40,39
40,38
40,37
40,36
0,488
0,410
35,85
40,35
35,7
35,6
35,8
10,15
10,189
10,112
10,122
10,308
10,246
10,152
10,170
10,3
11,25
11,23
11,11
11,4
11,24
11,28
11,1
11,20
11,2
11,3
9,7
9,4
9,1
9,6
9,2
9,3
8,10
8,9
8,12
8,13
8,1
8,11
8,2
8,3
0,320
12,2
12,1
12,3
20,2
20,1
20,3
19,2
19,1
19,3
18,1
18,3
14,4
14,3
13,1
13,3
37,22
37,21
37,20
37,19
37,18
37,17
37,16
37,15
37,14
37,13
37,12
37,11
37,10
37,9
37,8
37,7
37,6
37,5
37,4
37,3
37,2
37,1
37,0
36,12
36,11
36,10
36,9
36,8
36,7
36,6
36,5
36,4
36,3
36,2
36,1
36,0
35,86
35,5
35,1
35,4
35,3
35,2
35,0
33,5
33,3
33,1
32,4
